50 3.0 0.041400 0 0 0.000000
50 3.1 0.041300 0 0 0.000000
50 3.2 0.041650 0 0 0.000000
50 3.3 0.041750 0 0 0.000000
50 3.4 0.041800 0 0 0.000000
50 3.5 0.042350 0 0 0.000000
50 3.6 0.041900 1 0 0.000000
50 3.7 0.042400 1 0 0.000000
50 3.8 0.042700 1 0 0.000000
50 3.9 0.042550 3 0 0.000000
50 4.0 0.042450 1 0 0.000000
50 4.1 0.042650 4 0 0.000000
50 4.2 0.042650 6 0 0.000000
50 4.3 0.043350 7 0 0.000000
50 4.4 0.043850 19 0 0.000000
50 4.5 0.043650 26 0 0.000000
50 4.6 0.043450 42 0 0.000000
50 4.7 0.043450 33 0 0.000000
50 4.8 0.043950 95 0 0.000000
50 4.9 0.043950 134 0 0.000000
50 5.0 0.044150 288 0 0.000000
60 3.0 0.042200 0 0 0.000000
60 3.1 0.042700 0 0 0.000000
60 3.2 0.042800 0 0 0.000000
60 3.3 0.043150 0 0 0.000000
60 3.4 0.043150 0 0 0.000000
60 3.5 0.043650 0 0 0.000000
60 3.6 0.043250 0 0 0.000000
60 3.7 0.043350 0 0 0.000000
60 3.8 0.043650 0 0 0.000000
60 3.9 0.044600 0 0 0.000000
60 4.0 0.045150 3 0 0.000000
60 4.1 0.044350 5 0 0.000000
60 4.2 0.044850 8 0 0.000000
60 4.3 0.044750 23 0 0.000000
60 4.4 0.044850 29 0 0.000000
60 4.5 0.045300 56 0 0.000000
60 4.6 0.046300 69 0 0.050000
60 4.7 0.045500 74 0 0.000000
60 4.8 0.045950 154 0 0.000000
60 4.9 0.045650 404 0 0.000000
60 5.0 0.045850 359 0 0.000000
70 3.0 0.042900 0 0 0.000000
70 3.1 0.043350 0 0 0.000000
70 3.2 0.043450 0 0 0.000000
70 3.3 0.044100 0 0 0.050000
70 3.4 0.043750 0 0 0.000000
70 3.5 0.044500 0 0 0.000000
70 3.6 0.044750 0 0 0.000000
70 3.7 0.044850 1 0 0.000000
70 3.8 0.045050 0 0 0.000000
70 3.9 0.045200 1 0 0.000000
70 4.0 0.045500 0 0 0.000000
70 4.1 0.045800 2 0 0.000000
70 4.2 0.045850 8 0 0.000000
70 4.3 0.045700 24 0 0.000000
70 4.4 0.045950 25 0 0.000000
70 4.5 0.046050 39 0 0.000000
70 4.6 0.046300 85 0 0.000000
70 4.7 0.048100 157 0 0.000000
70 4.8 0.046800 173 0 0.000000
70 4.9 0.047750 323 0 0.000000
70 5.0 0.047150 758 0 0.000000
80 3.0 0.044350 0 0 0.000000
80 3.1 0.044450 0 0 0.000000
80 3.2 0.047150 0 0 0.000000
80 3.3 0.047150 0 0 0.000000
80 3.4 0.045700 0 0 0.000000
80 3.5 0.046400 0 0 0.000000
80 3.6 0.045700 0 0 0.000000
80 3.7 0.046550 0 0 0.000000
80 3.8 0.046350 0 0 0.000000
80 3.9 0.046750 0 0 0.000000
80 4.0 0.047050 0 0 0.000000
80 4.1 0.047550 2 0 0.050000
80 4.2 0.047200 14 0 0.000000
80 4.3 0.047650 11 0 0.000000
80 4.4 0.047600 36 0 0.000000
80 4.5 0.047850 56 0 0.000000
80 4.6 0.048350 84 0 0.000000
80 4.7 0.048000 211 0 0.000000
80 4.8 0.048400 203 0 0.000000
80 4.9 0.048650 754 0 0.000000
80 5.0 0.049000 1360 0 0.000000
90 3.0 0.045900 0 0 0.000000
90 3.1 0.045600 0 0 0.000000
90 3.2 0.046100 0 0 0.000000
90 3.3 0.046100 0 0 0.000000
90 3.4 0.046200 0 0 0.000000
90 3.5 0.046700 0 0 0.000000
90 3.6 0.047150 0 0 0.000000
90 3.7 0.047350 0 0 0.000000
90 3.8 0.047550 0 0 0.000000
90 3.9 0.047900 0 0 0.000000
90 4.0 0.047600 3 0 0.000000
90 4.1 0.048250 4 0 0.000000
90 4.2 0.048200 6 0 0.000000
90 4.3 0.048450 8 0 0.000000
90 4.4 0.049000 30 0 0.000000
90 4.5 0.049050 59 0 0.000000
90 4.6 0.049350 74 0 0.000000
90 4.7 0.049400 206 0 0.000000
90 4.8 0.049550 379 0 0.000000
90 4.9 0.049950 1062 0 0.000000
90 5.0 0.050700 2720 0 0.000000
100 3.0 0.046300 0 0 0.000000
100 3.1 0.046800 0 0 0.000000
100 3.2 0.047150 0 0 0.000000
100 3.3 0.047650 0 0 0.000000
100 3.4 0.047850 0 0 0.000000
100 3.5 0.047850 0 0 0.000000
100 3.6 0.048900 0 0 0.050000
100 3.7 0.048250 0 0 0.000000
100 3.8 0.048300 0 0 0.000000
100 3.9 0.048500 0 0 0.000000
100 4.0 0.049000 0 0 0.000000
100 4.1 0.049050 2 0 0.000000
100 4.2 0.049700 9 0 0.000000
100 4.3 0.049300 12 0 0.000000
100 4.4 0.050700 34 0 0.050000
100 4.5 0.051050 77 0 0.000000
100 4.6 0.050800 115 0 0.000000
100 4.7 0.051050 271 0 0.000000
100 4.8 0.051200 695 0 0.000000
100 4.9 0.051350 1313 0 0.000000
100 5.0 0.051450 3655 0 0.000000
110 3.0 0.047350 0 0 0.000000
110 3.1 0.047300 0 0 0.000000
110 3.2 0.047950 0 0 0.000000
110 3.3 0.048450 0 0 0.000000
110 3.4 0.048800 0 0 0.000000
110 3.5 0.048750 0 0 0.000000
110 3.6 0.049350 0 0 0.000000
110 3.7 0.050000 0 0 0.000000
110 3.8 0.049450 0 0 0.000000
110 3.9 0.050050 1 0 0.000000
110 4.0 0.050250 2 0 0.000000
110 4.1 0.050600 6 0 0.000000
110 4.2 0.050800 10 0 0.000000
110 4.3 0.050750 14 0 0.000000
110 4.4 0.051800 48 0 0.000000
110 4.5 0.051600 85 0 0.000000
110 4.6 0.052000 108 0 0.000000
110 4.7 0.052550 344 0 0.000000
110 4.8 0.052150 631 0 0.000000
110 4.9 0.052800 2583 0 0.000000
110 5.0 0.053600 5523 0 0.000000
120 3.0 0.047750 0 0 0.000000
120 3.1 0.048600 0 0 0.000000
120 3.2 0.048500 0 0 0.000000
120 3.3 0.049400 0 0 0.000000
120 3.4 0.049600 0 0 0.000000
120 3.5 0.049850 0 0 0.000000
120 3.6 0.050350 0 0 0.000000
120 3.7 0.051050 0 0 0.000000
120 3.8 0.050850 0 0 0.000000
120 3.9 0.051500 0 0 0.000000
120 4.0 0.051650 0 0 0.000000
120 4.1 0.052050 2 0 0.000000
120 4.2 0.052800 6 0 0.000000
120 4.3 0.052150 29 0 0.000000
120 4.4 0.053400 65 0 0.000000
120 4.5 0.053050 62 0 0.000000
120 4.6 0.053800 195 0 0.000000
120 4.7 0.053500 507 0 0.000000
120 4.8 0.054050 1520 0 0.000000
120 4.9 0.054600 3553 0 0.000000
120 5.0 0.054700 9592 0 0.000000
130 3.0 0.049500 0 0 0.000000
130 3.1 0.049550 0 0 0.000000
130 3.2 0.050100 0 0 0.000000
130 3.3 0.050250 0 0 0.000000
130 3.4 0.050950 0 0 0.000000
130 3.5 0.051000 0 0 0.000000
130 3.6 0.051700 0 0 0.000000
130 3.7 0.052250 0 0 0.000000
130 3.8 0.053200 0 0 0.050000
130 3.9 0.052700 0 0 0.000000
130 4.0 0.053250 2 0 0.000000
130 4.1 0.053800 3 0 0.000000
130 4.2 0.053350 12 0 0.000000
130 4.3 0.054000 23 0 0.000000
130 4.4 0.054950 41 0 0.000000
130 4.5 0.054600 102 0 0.000000
130 4.6 0.055100 291 0 0.000000
130 4.7 0.055200 731 0 0.000000
130 4.8 0.056550 1621 0 0.000000
130 4.9 0.056200 4118 0 0.000000
130 5.0 0.056450 12806 0 0.000000
140 3.0 0.050550 0 0 0.000000
140 3.1 0.050950 0 0 0.000000
140 3.2 0.051100 0 0 0.000000
140 3.3 0.051950 0 0 0.000000
140 3.4 0.051700 0 0 0.000000
140 3.5 0.052200 0 0 0.000000
140 3.6 0.052400 0 0 0.000000
140 3.7 0.053250 0 0 0.000000
140 3.8 0.053350 0 0 0.000000
140 3.9 0.053650 0 0 0.000000
140 4.0 0.054450 1 0 0.000000
140 4.1 0.054500 6 0 0.000000
140 4.2 0.054800 8 0 0.000000
140 4.3 0.055200 20 0 0.000000
140 4.4 0.055350 41 0 0.000000
140 4.5 0.056300 115 0 0.000000
140 4.6 0.057500 379 0 0.000000
140 4.7 0.056950 861 0 0.000000
140 4.8 0.057400 2666 0 0.000000
140 4.9 0.057800 5884 0 0.000000
140 5.0 0.059250 23557 0 0.000000
150 3.0 0.060850 0 0 0.000000
150 3.1 0.061600 0 0 0.000000
150 3.2 0.058900 0 0 0.000000
150 3.3 0.059800 0 0 0.000000
150 3.4 0.062400 0 0 0.000000
150 3.5 0.060550 0 0 0.000000
150 3.6 0.076750 0 0 0.000000
150 3.7 0.077000 0 0 0.000000
150 3.8 0.075200 0 0 0.000000
150 3.9 0.077600 0 0 0.000000
150 4.0 0.074050 0 0 0.000000
150 4.1 0.076850 1 0 0.000000
150 4.2 0.078450 9 0 0.000000
150 4.3 0.080000 17 0 0.000000
150 4.4 0.078300 56 0 0.000000
150 4.5 0.077700 137 0 0.000000
150 4.6 0.072050 385 0 0.000000
150 4.7 0.067050 920 0 0.000000
150 4.8 0.076550 3513 0 0.000000
150 4.9 0.075750 11893 0 0.000000
150 5.0 0.073250 34527 0 0.000000
160 3.0 0.071000 0 0 0.050000
160 3.1 0.071100 0 0 0.000000
160 3.2 0.068450 0 0 0.000000
160 3.3 0.072150 0 0 0.000000
160 3.4 0.072650 0 0 0.000000
160 3.5 0.072400 0 0 0.000000
160 3.6 0.074300 0 0 0.000000
160 3.7 0.076450 0 0 0.000000
160 3.8 0.073850 0 0 0.000000
160 3.9 0.084950 1 0 0.000000
160 4.0 0.085700 0 0 0.000000
160 4.1 0.076650 0 0 0.000000
160 4.2 0.076550 5 0 0.000000
160 4.3 0.068400 33 0 0.000000
160 4.4 0.065950 45 0 0.000000
160 4.5 0.069050 195 0 0.000000
160 4.6 0.076000 400 0 0.000000
160 4.7 0.074900 1054 0 0.000000
160 4.8 0.073650 3411 0 0.000000
160 4.9 0.075200 15058 0 0.000000
160 5.0 0.077400 73720 0 0.000000
170 3.0 0.059050 0 0 0.000000
170 3.1 0.059950 0 0 0.000000
170 3.2 0.060100 0 0 0.000000
170 3.3 0.061000 0 0 0.000000
170 3.4 0.064150 0 0 0.000000
170 3.5 0.066150 0 0 0.000000
170 3.6 0.065200 0 0 0.000000
170 3.7 0.064000 0 0 0.000000
170 3.8 0.062850 0 0 0.000000
170 3.9 0.063550 0 0 0.000000
170 4.0 0.065100 0 0 0.000000
170 4.1 0.066600 2 0 0.000000
170 4.2 0.072950 12 0 0.000000
170 4.3 0.079400 22 0 0.000000
170 4.4 0.083800 66 0 0.000000
170 4.5 0.080150 133 0 0.000000
170 4.6 0.071300 356 0 0.000000
170 4.7 0.077900 1396 0 0.000000
170 4.8 0.077650 2625 0 0.000000
170 4.9 0.077300 18465 0 0.000000
170 5.0 0.077400 117717 0 0.000000
180 3.0 0.058650 0 0 0.000000
180 3.1 0.060200 0 0 0.000000
180 3.2 0.067500 0 0 0.000000
180 3.3 0.074500 0 0 0.000000
180 3.4 0.075450 0 0 0.000000
180 3.5 0.077600 0 0 0.000000
180 3.6 0.079200 0 0 0.000000
180 3.7 0.077600 0 0 0.000000
180 3.8 0.090250 0 0 0.000000
180 3.9 0.078750 0 0 0.000000
180 4.0 0.080550 0 0 0.000000
180 4.1 0.078200 0 0 0.000000
180 4.2 0.082400 5 0 0.000000
180 4.3 0.081000 32 0 0.000000
180 4.4 0.069000 53 0 0.000000
180 4.5 0.070100 149 0 0.000000
180 4.6 0.081350 642 0 0.000000
180 4.7 0.080300 3371 0 0.000000
180 4.8 0.076200 11529 0 0.000000
180 4.9 0.076150 38277 0 0.000000
180 5.0 0.082200 176548 0 0.000000
190 3.0 0.062950 0 0 0.000000
190 3.1 0.061950 0 0 0.000000
190 3.2 0.063700 0 0 0.000000
190 3.3 0.067800 0 0 0.000000
190 3.4 0.076000 0 0 0.000000
190 3.5 0.079400 0 0 0.000000
190 3.6 0.076450 0 0 0.000000
190 3.7 0.081300 0 0 0.000000
190 3.8 0.081700 0 0 0.000000
190 3.9 0.090400 0 0 0.000000
190 4.0 0.086600 0 0 0.000000
190 4.1 0.083200 0 0 0.000000
190 4.2 0.082750 4 0 0.000000
190 4.3 0.080900 15 0 0.000000
190 4.4 0.075500 91 0 0.000000
190 4.5 0.086650 176 0 0.000000
190 4.6 0.081950 732 0 0.000000
190 4.7 0.083650 2062 0 0.000000
190 4.8 0.080450 8988 0 0.000000
190 4.9 0.086350 53769 0 0.000000
190 5.0 0.082550 302298 0 0.000000
200 3.0 0.074650 0 0 0.000000
200 3.1 0.067750 0 0 0.000000
200 3.2 0.065200 0 0 0.000000
200 3.3 0.067750 0 0 0.000000
200 3.4 0.068900 0 0 0.000000
200 3.5 0.068650 0 0 0.000000
200 3.6 0.067550 0 0 0.000000
200 3.7 0.066350 0 0 0.000000
200 3.8 0.071950 0 0 0.000000
200 3.9 0.069100 0 0 0.000000
200 4.0 0.069050 0 0 0.000000
200 4.1 0.070750 0 0 0.000000
200 4.2 0.073450 4 0 0.000000
200 4.3 0.081750 19 0 0.000000
200 4.4 0.084950 75 0 0.000000
200 4.5 0.086550 293 0 0.000000
200 4.6 0.086700 913 0 0.000000
200 4.7 0.083450 3323 0 0.000000
200 4.8 0.079100 12765 0 0.000000
200 4.9 0.085750 80333 0 0.000000
200 5.0 0.085950 520222 0 0.000000
