50 3.0 0.043150 0 0 0.000000
50 3.1 0.044300 0 0 0.000000
50 3.2 0.044600 0 0 0.000000
50 3.3 0.045200 0 0 0.000000
50 3.4 0.044950 0 0 0.000000
50 3.5 0.045050 0 0 0.000000
50 3.6 0.045250 0 0 0.000000
50 3.7 0.046200 1 0 0.000000
50 3.8 0.046100 1 0 0.000000
50 3.9 0.046200 3 0 0.000000
50 4.0 0.045750 5 0 0.000000
50 4.1 0.046650 3 0 0.050000
50 4.2 0.052150 12 0 0.000000
50 4.3 0.056700 15 0 0.000000
50 4.4 0.056750 11 0 0.000000
50 4.5 0.055950 22 0 0.000000
50 4.6 0.057250 58 0 0.050000
50 4.7 0.056200 54 0 0.000000
50 4.8 0.056200 54 0 0.000000
50 4.9 0.056750 145 0 0.000000
50 5.0 0.057400 330 0 0.000000
60 3.0 0.054950 0 0 0.000000
60 3.1 0.054800 0 0 0.000000
60 3.2 0.055150 0 0 0.000000
60 3.3 0.057100 0 0 0.000000
60 3.4 0.055950 0 0 0.000000
60 3.5 0.057250 0 0 0.000000
60 3.6 0.055450 0 0 0.000000
60 3.7 0.057300 0 0 0.000000
60 3.8 0.057250 0 0 0.000000
60 3.9 0.056950 0 0 0.000000
60 4.0 0.058350 8 0 0.000000
60 4.1 0.057400 4 0 0.000000
60 4.2 0.054350 2 0 0.000000
60 4.3 0.046800 5 0 0.000000
60 4.4 0.047750 14 0 0.000000
60 4.5 0.049150 36 0 0.000000
60 4.6 0.050000 60 0 0.000000
60 4.7 0.046550 74 0 0.000000
60 4.8 0.048950 103 0 0.000000
60 4.9 0.049200 275 0 0.000000
60 5.0 0.047500 443 0 0.000000
70 3.0 0.045500 0 0 0.000000
70 3.1 0.048050 0 0 0.000000
70 3.2 0.047550 0 0 0.000000
70 3.3 0.047750 0 0 0.000000
70 3.4 0.048200 0 0 0.000000
70 3.5 0.047100 0 0 0.000000
70 3.6 0.047950 0 0 0.000000
70 3.7 0.047950 0 0 0.000000
70 3.8 0.048450 0 0 0.050000
70 3.9 0.048400 2 0 0.000000
70 4.0 0.046850 3 0 0.050000
70 4.1 0.049100 3 0 0.000000
70 4.2 0.049700 12 0 0.000000
70 4.3 0.049050 19 0 0.000000
70 4.4 0.052650 40 0 0.000000
70 4.5 0.061400 40 0 0.000000
70 4.6 0.061700 59 0 0.000000
70 4.7 0.068800 141 0 0.000000
70 4.8 0.061700 312 0 0.000000
70 4.9 0.059550 538 0 0.000000
70 5.0 0.061050 597 0 0.000000
80 3.0 0.058150 0 0 0.000000
80 3.1 0.057450 0 0 0.000000
80 3.2 0.057600 0 0 0.000000
80 3.3 0.057950 0 0 0.000000
80 3.4 0.059050 0 0 0.000000
80 3.5 0.059400 0 0 0.000000
80 3.6 0.060050 0 0 0.000000
80 3.7 0.058500 0 0 0.000000
80 3.8 0.049850 0 0 0.000000
80 3.9 0.051100 0 0 0.050000
80 4.0 0.050200 1 0 0.000000
80 4.1 0.049900 1 0 0.000000
80 4.2 0.051050 8 0 0.000000
80 4.3 0.049800 12 0 0.000000
80 4.4 0.049700 25 0 0.000000
80 4.5 0.051100 42 0 0.000000
80 4.6 0.051800 73 0 0.000000
80 4.7 0.051000 173 0 0.000000
80 4.8 0.053650 325 0 0.000000
80 4.9 0.050700 484 0 0.000000
80 5.0 0.051500 821 0 0.000000
90 3.0 0.047650 0 0 0.000000
90 3.1 0.048650 0 0 0.000000
90 3.2 0.049300 0 0 0.000000
90 3.3 0.055500 0 0 0.000000
90 3.4 0.060700 0 0 0.000000
90 3.5 0.061250 0 0 0.000000
90 3.6 0.062750 0 0 0.000000
90 3.7 0.061650 0 0 0.000000
90 3.8 0.061350 0 0 0.000000
90 3.9 0.062550 0 0 0.000000
90 4.0 0.063850 2 0 0.000000
90 4.1 0.062650 3 0 0.050000
90 4.2 0.073100 13 0 0.000000
90 4.3 0.064950 15 0 0.000000
90 4.4 0.064950 11 0 0.000000
90 4.5 0.064050 73 0 0.050000
90 4.6 0.062600 146 0 0.000000
90 4.7 0.063900 264 0 0.000000
90 4.8 0.064150 426 0 0.000000
90 4.9 0.052850 749 0 0.000000
90 5.0 0.055400 2261 0 0.000000
100 3.0 0.049050 0 0 0.000000
100 3.1 0.049850 0 0 0.000000
100 3.2 0.049700 0 0 0.000000
100 3.3 0.049950 0 0 0.000000
100 3.4 0.050250 0 0 0.050000
100 3.5 0.060550 0 0 0.000000
100 3.6 0.063450 0 0 0.000000
100 3.7 0.063950 0 0 0.000000
100 3.8 0.064350 1 0 0.000000
100 3.9 0.064250 0 0 0.000000
100 4.0 0.063750 2 0 0.000000
100 4.1 0.065350 2 0 0.000000
100 4.2 0.065800 7 0 0.050000
100 4.3 0.065400 26 0 0.000000
100 4.4 0.065100 43 0 0.000000
100 4.5 0.065800 55 0 0.000000
100 4.6 0.074800 170 0 0.000000
100 4.7 0.066550 243 0 0.000000
100 4.8 0.059300 748 0 0.000000
100 4.9 0.056150 1336 0 0.000000
100 5.0 0.058450 2305 0 0.000000
110 3.0 0.061350 0 0 0.000000
110 3.1 0.061300 0 0 0.000000
110 3.2 0.062750 0 0 0.000000
110 3.3 0.063250 0 0 0.000000
110 3.4 0.063400 0 0 0.000000
110 3.5 0.064350 0 0 0.000000
110 3.6 0.064550 0 0 0.000000
110 3.7 0.065250 0 0 0.000000
110 3.8 0.066250 0 0 0.000000
110 3.9 0.065050 0 0 0.000000
110 4.0 0.066350 0 0 0.050000
110 4.1 0.065850 1 0 0.000000
110 4.2 0.066050 6 0 0.000000
110 4.3 0.076050 12 0 0.000000
110 4.4 0.069050 50 0 0.000000
110 4.5 0.056100 94 0 0.000000
110 4.6 0.056700 199 0 0.000000
110 4.7 0.055900 367 0 0.000000
110 4.8 0.056800 749 0 0.000000
110 4.9 0.065600 2450 0 0.000000
110 5.0 0.059000 3205 0 0.000000
120 3.0 0.051100 0 0 0.000000
120 3.1 0.052350 0 0 0.000000
120 3.2 0.053350 0 0 0.000000
120 3.3 0.056050 0 0 0.000000
120 3.4 0.067550 0 0 0.000000
120 3.5 0.066200 0 0 0.000000
120 3.6 0.064500 0 0 0.000000
120 3.7 0.067550 0 0 0.000000
120 3.8 0.077300 0 0 0.000000
120 3.9 0.071950 0 0 0.000000
120 4.0 0.066700 1 0 0.000000
120 4.1 0.068000 1 0 0.000000
120 4.2 0.069150 6 0 0.000000
120 4.3 0.069000 16 0 0.000000
120 4.4 0.070300 22 0 0.000000
120 4.5 0.070000 41 0 0.000000
120 4.6 0.067850 170 0 0.000000
120 4.7 0.066550 427 0 0.000000
120 4.8 0.058300 1006 0 0.000000
120 4.9 0.065400 2962 0 0.000000
120 5.0 0.059300 7803 0 0.000000
130 3.0 0.052000 0 0 0.000000
130 3.1 0.053750 0 0 0.000000
130 3.2 0.058100 0 0 0.000000
130 3.3 0.065900 0 0 0.000000
130 3.4 0.066600 0 0 0.000000
130 3.5 0.066100 0 0 0.000000
130 3.6 0.066850 0 0 0.000000
130 3.7 0.068350 0 0 0.000000
130 3.8 0.068800 0 0 0.000000
130 3.9 0.069850 1 0 0.000000
130 4.0 0.069150 1 0 0.000000
130 4.1 0.069300 3 0 0.000000
130 4.2 0.070450 9 0 0.000000
130 4.3 0.070550 14 0 0.000000
130 4.4 0.070750 51 0 0.000000
130 4.5 0.071550 96 0 0.000000
130 4.6 0.064150 193 0 0.000000
130 4.7 0.059850 470 0 0.000000
130 4.8 0.063100 1357 0 0.000000
130 4.9 0.068300 3918 0 0.000000
130 5.0 0.070450 12546 0 0.000000
140 3.0 0.066100 0 0 0.000000
140 3.1 0.065200 0 0 0.000000
140 3.2 0.066500 0 0 0.000000
140 3.3 0.056500 0 0 0.000000
140 3.4 0.056600 0 0 0.000000
140 3.5 0.056050 0 0 0.000000
140 3.6 0.056200 0 0 0.000000
140 3.7 0.058300 0 0 0.000000
140 3.8 0.056450 0 0 0.000000
140 3.9 0.058150 0 0 0.000000
140 4.0 0.059050 0 0 0.000000
140 4.1 0.059200 2 0 0.000000
140 4.2 0.058900 6 0 0.000000
140 4.3 0.059800 8 0 0.000000
140 4.4 0.060900 58 0 0.000000
140 4.5 0.058650 80 0 0.000000
140 4.6 0.060850 143 0 0.000000
140 4.7 0.071700 548 0 0.000000
140 4.8 0.067750 3263 0 0.000000
140 4.9 0.068750 7064 0 0.000000
140 5.0 0.067700 36363 0 0.000000
150 3.0 0.053300 0 0 0.000000
150 3.1 0.054600 0 0 0.000000
150 3.2 0.055200 0 0 0.000000
150 3.3 0.056550 0 0 0.000000
150 3.4 0.058200 0 0 0.000000
150 3.5 0.057500 0 0 0.000000
150 3.6 0.056400 0 0 0.000000
150 3.7 0.058600 0 0 0.000000
150 3.8 0.065200 0 0 0.000000
150 3.9 0.074000 0 0 0.000000
150 4.0 0.071950 0 0 0.000000
150 4.1 0.073800 1 0 0.000000
150 4.2 0.071550 8 0 0.000000
150 4.3 0.072200 24 0 0.000000
150 4.4 0.078750 61 0 0.000000
150 4.5 0.077200 169 0 0.000000
150 4.6 0.062750 305 0 0.000000
150 4.7 0.067650 1202 0 0.000000
150 4.8 0.073150 3196 0 0.000000
150 4.9 0.073400 10062 0 0.000000
150 5.0 0.068450 47818 0 0.000000
160 3.0 0.055300 0 0 0.000000
160 3.1 0.057550 0 0 0.000000
160 3.2 0.057950 0 0 0.000000
160 3.3 0.060900 0 0 0.000000
160 3.4 0.058900 0 0 0.000000
160 3.5 0.058750 0 0 0.000000
160 3.6 0.062650 0 0 0.000000
160 3.7 0.073250 0 0 0.050000
160 3.8 0.072400 0 0 0.000000
160 3.9 0.073900 0 0 0.000000
160 4.0 0.073500 0 0 0.000000
160 4.1 0.076100 2 0 0.000000
160 4.2 0.074650 6 0 0.000000
160 4.3 0.078250 20 0 0.000000
160 4.4 0.076250 45 0 0.000000
160 4.5 0.072700 164 0 0.000000
160 4.6 0.064850 349 0 0.000000
160 4.7 0.072500 1124 0 0.000000
160 4.8 0.069000 3548 0 0.000000
160 4.9 0.072450 11635 0 0.000000
160 5.0 0.070400 63858 0 0.000000
170 3.0 0.056450 0 0 0.000000
170 3.1 0.055550 0 0 0.000000
170 3.2 0.058150 0 0 0.000000
170 3.3 0.060450 0 0 0.000000
170 3.4 0.060150 0 0 0.000000
170 3.5 0.058500 0 0 0.000000
170 3.6 0.061300 0 0 0.000000
170 3.7 0.061650 0 0 0.000000
170 3.8 0.059900 0 0 0.000000
170 3.9 0.061250 1 0 0.000000
170 4.0 0.062650 1 0 0.000000
170 4.1 0.075500 2 0 0.000000
170 4.2 0.075800 3 0 0.000000
170 4.3 0.077900 29 0 0.000000
170 4.4 0.079150 57 0 0.000000
170 4.5 0.078550 188 0 0.000000
170 4.6 0.065550 426 0 0.000000
170 4.7 0.075550 1234 0 0.000000
170 4.8 0.072250 6787 0 0.000000
170 4.9 0.076300 20795 0 0.000000
170 5.0 0.073650 105432 0 0.000000
180 3.0 0.069650 0 0 0.000000
180 3.1 0.069900 0 0 0.000000
180 3.2 0.070050 0 0 0.000000
180 3.3 0.071850 0 0 0.000000
180 3.4 0.073450 0 0 0.000000
180 3.5 0.076350 0 0 0.000000
180 3.6 0.075400 0 0 0.000000
180 3.7 0.074650 0 0 0.000000
180 3.8 0.076550 0 0 0.000000
180 3.9 0.079200 0 0 0.000000
180 4.0 0.084250 0 0 0.000000
180 4.1 0.078150 1 0 0.000000
180 4.2 0.063900 7 0 0.000000
180 4.3 0.067250 25 0 0.000000
180 4.4 0.065000 42 0 0.000000
180 4.5 0.073600 181 0 0.000000
180 4.6 0.074250 662 0 0.000000
180 4.7 0.074000 2359 0 0.000000
180 4.8 0.075950 7953 0 0.000000
180 4.9 0.074300 34231 0 0.000000
180 5.0 0.078750 194826 0 0.000000
190 3.0 0.065750 0 0 0.000000
190 3.1 0.073150 0 0 0.000000
190 3.2 0.073350 0 0 0.000000
190 3.3 0.073800 0 0 0.000000
190 3.4 0.074400 0 0 0.000000
190 3.5 0.080700 0 0 0.000000
190 3.6 0.080900 0 0 0.000000
190 3.7 0.077900 0 0 0.000000
190 3.8 0.078800 0 0 0.000000
190 3.9 0.081100 0 0 0.000000
190 4.0 0.080700 0 0 0.000000
190 4.1 0.082150 0 0 0.000000
190 4.2 0.082550 3 0 0.000000
190 4.3 0.068250 24 0 0.000000
190 4.4 0.070200 53 0 0.000000
190 4.5 0.078400 184 0 0.000000
190 4.6 0.077500 1065 0 0.000000
190 4.7 0.078950 2663 0 0.000000
190 4.8 0.075550 15735 0 0.000000
190 4.9 0.071400 32941 0 0.000000
190 5.0 0.084700 327393 0 0.000000
200 3.0 0.073050 0 0 0.000000
200 3.1 0.077350 0 0 0.000000
200 3.2 0.079600 0 0 0.000000
200 3.3 0.079200 0 0 0.000000
200 3.4 0.087900 0 0 0.000000
200 3.5 0.082100 0 0 0.000000
200 3.6 0.083000 0 0 0.000000
200 3.7 0.082450 0 0 0.050000
200 3.8 0.077650 0 0 0.000000
200 3.9 0.072350 0 0 0.000000
200 4.0 0.072550 0 0 0.000000
200 4.1 0.072650 2 0 0.000000
200 4.2 0.072050 8 0 0.000000
200 4.3 0.082150 48 0 0.000000
200 4.4 0.087500 44 0 0.000000
200 4.5 0.081400 273 0 0.000000
200 4.6 0.081800 708 0 0.000000
200 4.7 0.082100 2317 0 0.000000
200 4.8 0.084200 14367 0 0.000000
200 4.9 0.085200 80513 0 0.000000
200 5.0 0.084700 246087 0 0.000000
