50 3.0 0.043550 0 0 0.000000
50 3.1 0.044100 0 0 0.000000
50 3.2 0.044150 0 0 0.000000
50 3.3 0.044350 0 0 0.000000
50 3.4 0.044450 0 0 0.000000
50 3.5 0.044300 0 0 0.000000
50 3.6 0.045000 0 0 0.000000
50 3.7 0.044950 0 0 0.000000
50 3.8 0.044750 0 0 0.000000
50 3.9 0.045350 1 0 0.000000
50 4.0 0.044900 1 0 0.000000
50 4.1 0.043950 3 0 0.000000
50 4.2 0.045050 5 0 0.000000
50 4.3 0.045000 9 0 0.000000
50 4.4 0.045050 31 0 0.000000
50 4.5 0.045350 18 0 0.000000
50 4.6 0.045500 55 0 0.000000
50 4.7 0.045350 53 0 0.000000
50 4.8 0.045850 94 0 0.000000
50 4.9 0.045900 231 0 0.000000
50 5.0 0.045550 253 0 0.000000

real	0m31.179s
user	0m24.307s
sys	0m8.079s
100 3.0 0.048700 0 0 0.000000
100 3.1 0.048200 0 0 0.000000
100 3.2 0.049450 0 0 0.000000
100 3.3 0.050250 0 0 0.000000
100 3.4 0.050300 0 0 0.000000
100 3.5 0.050200 0 0 0.000000
100 3.6 0.050400 0 0 0.000000
100 3.7 0.050250 0 0 0.000000
100 3.8 0.050600 0 0 0.000000
100 3.9 0.050750 0 0 0.000000
100 4.0 0.051050 0 0 0.000000
100 4.1 0.051050 0 0 0.000000
100 4.2 0.051500 7 0 0.000000
100 4.3 0.052050 19 0 0.000000
100 4.4 0.052550 40 0 0.000000
100 4.5 0.052600 53 0 0.000000
100 4.6 0.052600 157 0 0.000000
100 4.7 0.052550 257 0 0.000000
100 4.8 0.052650 650 0 0.000000
100 4.9 0.053050 2047 0 0.000000
100 5.0 0.053400 3534 0 0.000000

real	1m49.932s
user	1m30.222s
sys	0m22.547s
150 3.0 0.054300 0 0 0.000000
150 3.1 0.053700 0 0 0.000000
150 3.2 0.054400 0 0 0.000000
150 3.3 0.055400 0 0 0.000000
150 3.4 0.054750 0 0 0.000000
150 3.5 0.055450 0 0 0.000000
150 3.6 0.055550 0 0 0.000000
150 3.7 0.055800 0 0 0.000000
150 3.8 0.056100 0 0 0.000000
150 3.9 0.056600 0 0 0.000000
150 4.0 0.057400 0 0 0.000000
150 4.1 0.057800 1 0 0.000000
150 4.2 0.057950 4 0 0.000000
150 4.3 0.058000 18 0 0.000000
150 4.4 0.058850 46 0 0.000000
150 4.5 0.059100 80 0 0.000000
150 4.6 0.059450 399 0 0.000000
150 4.7 0.058950 855 0 0.000000
150 4.8 0.060450 4041 0 0.000000
150 4.9 0.060300 10765 0 0.000000
150 5.0 0.061450 49440 0 0.000000

real	30m54.983s
user	28m24.339s
sys	2m44.814s
200 3.0 0.059450 0 0 0.000000
200 3.1 0.061550 0 0 0.000000
200 3.2 0.062000 0 0 0.050000
200 3.3 0.062850 0 0 0.000000
200 3.4 0.063600 0 0 0.000000
200 3.5 0.064600 0 0 0.000000
200 3.6 0.064500 0 0 0.000000
200 3.7 0.065000 0 0 0.000000
200 3.8 0.064850 0 0 0.000000
200 3.9 0.066050 0 0 0.000000
200 4.0 0.065650 0 0 0.000000
200 4.1 0.067200 3 0 0.000000
200 4.2 0.067700 6 0 0.000000
200 4.3 0.067950 19 0 0.000000
200 4.4 0.067900 71 0 0.000000
200 4.5 0.067900 158 0 0.000000
200 4.6 0.069350 840 0 0.000000
200 4.7 0.068850 3210 0 0.000000
200 4.8 0.069000 10983 0 0.000000
200 4.9 0.071050 83133 0 0.000000
200 5.0 0.070950 231743 0 0.000000

real	592m15.129s
user	579m3.552s
sys	13m20.404s
