50 3.0 0.060000 0 0 0.000000
50 3.1 0.057700 0 0 0.000000
50 3.2 0.063850 0 0 0.000000
50 3.3 0.062700 0 0 0.000000
50 3.4 0.060900 0 0 0.050000
50 3.5 0.057950 0 0 0.000000
50 3.6 0.061650 0 0 0.000000
50 3.7 0.061450 0 0 0.000000
50 3.8 0.060950 1 0 0.000000
50 3.9 0.064350 3 0 0.000000
50 4.0 0.061850 1 0 0.000000
50 4.1 0.065500 4 0 0.000000
50 4.2 0.061500 15 0 0.000000
50 4.3 0.059700 10 0 0.000000
50 4.4 0.069700 20 0 0.000000
50 4.5 0.065250 30 0 0.000000
50 4.6 0.064500 22 0 0.000000
50 4.7 0.064700 66 0 0.000000
50 4.8 0.069100 79 0 0.000000
50 4.9 0.063950 69 0 0.000000
50 5.0 0.057800 218 0 0.000000

real	0m45.097s
user	0m37.577s
sys	0m8.270s
100 3.0 0.068500 0 0 0.000000
100 3.1 0.064950 0 0 0.000000
100 3.2 0.067600 0 0 0.000000
100 3.3 0.070500 0 0 0.000000
100 3.4 0.065400 0 0 0.000000
100 3.5 0.070100 0 0 0.000000
100 3.6 0.073850 0 0 0.000000
100 3.7 0.069850 0 0 0.000000
100 3.8 0.068000 0 0 0.000000
100 3.9 0.072500 2 0 0.000000
100 4.0 0.075150 4 0 0.000000
100 4.1 0.078650 2 0 0.000000
100 4.2 0.070100 4 0 0.000000
100 4.3 0.076350 15 0 0.000000
100 4.4 0.070450 33 0 0.050000
100 4.5 0.070550 90 0 0.000000
100 4.6 0.055250 150 0 0.000000
100 4.7 0.057900 242 0 0.000000
100 4.8 0.055700 418 0 0.000000
100 4.9 0.075000 1013 0 0.000000
100 5.0 0.068650 3196 0 0.000000

real	3m32.062s
user	3m5.853s
sys	0m27.928s
150 3.0 0.071050 0 0 0.000000
150 3.1 0.077400 0 0 0.000000
150 3.2 0.083300 0 0 0.000000
150 3.3 0.074550 0 0 0.000000
150 3.4 0.076150 0 0 0.000000
150 3.5 0.080550 0 0 0.000000
150 3.6 0.084450 0 0 0.000000
150 3.7 0.079000 0 0 0.000000
150 3.8 0.084400 0 0 0.000000
150 3.9 0.080700 0 0 0.000000
150 4.0 0.082350 0 0 0.000000
150 4.1 0.083050 2 0 0.000000
150 4.2 0.079200 7 0 0.000000
150 4.3 0.082450 19 0 0.000000
150 4.4 0.089200 77 0 0.050000
150 4.5 0.084750 150 0 0.000000
150 4.6 0.068650 296 0 0.000000
150 4.7 0.088450 1100 0 0.000000
150 4.8 0.083300 3895 0 0.000000
150 4.9 0.078700 15260 0 0.000000
150 5.0 0.084200 35519 0 0.000000

real	83m48.145s
user	79m29.091s
sys	4m22.201s
200 3.0 0.058700 0 0 0.000000
200 3.1 0.059250 0 0 0.050000
200 3.2 0.059450 0 0 0.000000
200 3.3 0.060250 0 0 0.000000
200 3.4 0.060750 0 0 0.000000
200 3.5 0.061150 0 0 0.000000
200 3.6 0.061900 0 0 0.000000
200 3.7 0.062250 0 0 0.000000
200 3.8 0.062700 0 0 0.000000
200 3.9 0.063750 0 0 0.000000
200 4.0 0.063850 0 0 0.000000
200 4.1 0.064200 2 0 0.000000
200 4.2 0.065550 6 0 0.000000
200 4.3 0.066200 17 0 0.000000
200 4.4 0.066850 47 0 0.000000
200 4.5 0.067150 181 0 0.000000
200 4.6 0.068300 598 0 0.000000
200 4.7 0.067750 3163 0 0.000000
200 4.8 0.068100 15485 0 0.000000
200 4.9 0.069300 87218 0 0.000000
200 5.0 0.070400 585628 0 0.000000

real	3384m10.364s
user	3337m20.127s
sys	42m42.561s
