50 3.0 0.045200 0 0 0.000000
50 3.1 0.045700 0 0 0.000000
50 3.2 0.045550 0 0 0.000000
50 3.3 0.046050 0 0 0.000000
50 3.4 0.046150 0 0 0.000000
50 3.5 0.046000 0 0 0.000000
50 3.6 0.046550 0 0 0.050000
50 3.7 0.045650 0 0 0.000000
50 3.8 0.045500 1 0 0.000000
50 3.9 0.047350 1 0 0.000000
50 4.0 0.047700 0 0 0.000000
50 4.1 0.047100 3 0 0.000000
50 4.2 0.046950 10 0 0.000000
50 4.3 0.046300 7 0 0.000000
50 4.4 0.048400 16 0 0.000000
50 4.5 0.048400 36 0 0.000000
50 4.6 0.048400 41 0 0.000000
50 4.7 0.049800 71 0 0.000000
50 4.8 0.047500 51 0 0.000000
50 4.9 0.048150 181 0 0.000000
50 5.0 0.064200 246 0 0.000000

real	0m30.506s
user	0m25.489s
sys	0m5.755s
100 3.0 0.069950 0 0 0.000000
100 3.1 0.067150 0 0 0.000000
100 3.2 0.071750 0 0 0.000000
100 3.3 0.068800 0 0 0.000000
100 3.4 0.075750 0 0 0.000000
100 3.5 0.068400 0 0 0.000000
100 3.6 0.074000 0 0 0.000000
100 3.7 0.068450 0 0 0.000000
100 3.8 0.074650 0 0 0.000000
100 3.9 0.074750 0 0 0.000000
100 4.0 0.075200 1 0 0.000000
100 4.1 0.069600 4 0 0.000000
100 4.2 0.071200 9 0 0.000000
100 4.3 0.072700 28 0 0.000000
100 4.4 0.075200 32 0 0.000000
100 4.5 0.072900 49 0 0.000000
100 4.6 0.056950 135 0 0.000000
100 4.7 0.057200 331 0 0.000000
100 4.8 0.055800 751 0 0.000000
100 4.9 0.071150 1312 0 0.000000
100 5.0 0.080400 3678 0 0.000000

real	2m46.010s
user	2m21.543s
sys	0m26.319s
150 3.0 0.077250 0 0 0.000000
150 3.1 0.076900 0 0 0.000000
150 3.2 0.080400 0 0 0.000000
150 3.3 0.076350 0 0 0.000000
150 3.4 0.078850 0 0 0.000000
150 3.5 0.079950 0 0 0.000000
150 3.6 0.076800 0 0 0.000000
150 3.7 0.078350 0 0 0.000000
150 3.8 0.086550 0 0 0.000000
150 3.9 0.085000 0 0 0.000000
150 4.0 0.082900 0 0 0.000000
150 4.1 0.084600 1 0 0.000000
150 4.2 0.084650 12 0 0.050000
150 4.3 0.078050 19 0 0.000000
150 4.4 0.080100 41 0 0.000000
150 4.5 0.084100 77 0 0.000000
150 4.6 0.084200 383 0 0.000000
150 4.7 0.076500 949 0 0.000000
150 4.8 0.086550 3650 0 0.000000
150 4.9 0.087600 11574 0 0.000000
150 5.0 0.080300 37487 0 0.000000

real	60m23.892s
user	56m46.983s
sys	3m39.898s
200 3.0 0.059650 0 0 0.000000
200 3.1 0.060500 0 0 0.000000
200 3.2 0.061100 0 0 0.000000
200 3.3 0.061700 0 0 0.000000
200 3.4 0.062450 0 0 0.000000
200 3.5 0.063750 0 0 0.000000
200 3.6 0.064050 0 0 0.000000
200 3.7 0.063600 0 0 0.000000
200 3.8 0.064150 0 0 0.000000
200 3.9 0.065700 0 0 0.000000
200 4.0 0.066250 0 0 0.000000
200 4.1 0.066600 2 0 0.000000
200 4.2 0.065750 13 0 0.000000
200 4.3 0.066250 18 0 0.000000
200 4.4 0.066650 36 0 0.000000
200 4.5 0.068000 205 0 0.000000
200 4.6 0.068600 597 0 0.000000
200 4.7 0.068850 2731 0 0.000000
200 4.8 0.069500 13363 0 0.000000
200 4.9 0.069100 70347 0 0.000000
200 5.0 0.070300 311470 0 0.000000

real	1593m57.142s
user	1564m2.462s
sys	28m5.594s
