50 3.0 0.063200 0 0 0.000000
50 3.1 0.059650 0 0 0.000000
50 3.2 0.066250 0 0 0.000000
50 3.3 0.067800 0 0 0.000000
50 3.4 0.062550 0 0 0.000000
50 3.5 0.068150 0 0 0.000000
50 3.6 0.064800 0 0 0.000000
50 3.7 0.062400 0 0 0.000000
50 3.8 0.059500 1 0 0.000000
50 3.9 0.065450 0 0 0.050000
50 4.0 0.062650 3 0 0.000000
50 4.1 0.064100 3 0 0.000000
50 4.2 0.061900 2 0 0.050000
50 4.3 0.061550 15 0 0.000000
50 4.4 0.062900 18 0 0.000000
50 4.5 0.066000 16 0 0.000000
50 4.6 0.063800 43 0 0.000000
50 4.7 0.068800 67 0 0.000000
50 4.8 0.067500 98 0 0.000000
50 4.9 0.063900 117 0 0.000000
50 5.0 0.066150 171 0 0.000000

real	0m40.255s
user	0m32.890s
sys	0m8.037s
100 3.0 0.068200 0 0 0.050000
100 3.1 0.067100 0 0 0.000000
100 3.2 0.067550 0 0 0.000000
100 3.3 0.068350 0 0 0.000000
100 3.4 0.072250 0 0 0.000000
100 3.5 0.068300 0 0 0.000000
100 3.6 0.074050 0 0 0.050000
100 3.7 0.071500 0 0 0.050000
100 3.8 0.073550 0 0 0.000000
100 3.9 0.069500 1 0 0.000000
100 4.0 0.071650 2 0 0.000000
100 4.1 0.073750 1 0 0.000000
100 4.2 0.071850 10 0 0.000000
100 4.3 0.071900 17 0 0.000000
100 4.4 0.071100 26 0 0.000000
100 4.5 0.079350 75 0 0.000000
100 4.6 0.081600 153 0 0.000000
100 4.7 0.075700 320 0 0.000000
100 4.8 0.079700 784 0 0.000000
100 4.9 0.077550 1526 0 0.000000
100 5.0 0.082500 2962 0 0.000000

real	2m9.175s
user	1m42.242s
sys	0m29.361s
150 3.0 0.076200 0 0 0.000000
150 3.1 0.078050 0 0 0.000000
150 3.2 0.075350 0 0 0.000000
150 3.3 0.079050 0 0 0.000000
150 3.4 0.077100 0 0 0.000000
150 3.5 0.078450 0 0 0.000000
150 3.6 0.081550 0 0 0.000000
150 3.7 0.076350 0 0 0.000000
150 3.8 0.080450 0 0 0.000000
150 3.9 0.086400 0 0 0.000000
150 4.0 0.082650 0 0 0.000000
150 4.1 0.087550 1 0 0.000000
150 4.2 0.080150 1 0 0.000000
150 4.3 0.083450 17 0 0.000000
150 4.4 0.084650 52 0 0.000000
150 4.5 0.087650 190 0 0.000000
150 4.6 0.089500 347 0 0.000000
150 4.7 0.071550 1155 0 0.000000
150 4.8 0.078300 3256 0 0.000000
150 4.9 0.080400 11718 0 0.000000
150 5.0 0.087350 51040 0 0.000000

real	30m28.343s
user	26m32.009s
sys	4m14.016s
200 3.0 0.060550 0 0 0.000000
200 3.1 0.060150 0 0 0.000000
200 3.2 0.060200 0 0 0.000000
200 3.3 0.061850 0 0 0.000000
200 3.4 0.066050 0 0 0.000000
200 3.5 0.063800 0 0 0.000000
200 3.6 0.066300 0 0 0.000000
200 3.7 0.067300 0 0 0.000000
200 3.8 0.069900 0 0 0.000000
200 3.9 0.067550 0 0 0.000000
200 4.0 0.069450 1 0 0.000000
200 4.1 0.069200 2 0 0.000000
200 4.2 0.085850 3 0 0.000000
200 4.3 0.096050 11 0 0.000000
200 4.4 0.102250 60 0 0.000000
200 4.5 0.095850 174 0 0.000000
200 4.6 0.095450 1004 0 0.000000
200 4.7 0.094050 3441 0 0.000000
200 4.8 0.100900 13330 0 0.000000
200 4.9 0.101300 72310 0 0.000000
200 5.0 0.099100 407961 0 0.000000

real	604m27.146s
user	572m28.715s
sys	32m52.362s
